0000011100000110
0001011100000110
0000101100000110
0001101100000011
0110011111000101
0001101100000000
1111011111000000
0000011100000110
0001101100001000
0110011111000101
0001101100001100
1111011101000000
1100010000000000
0010000001000111
0000100011000000
0000110011000000
0001100000000001
1111010011000000
0010110001000000
0000011100000110
0001101100000011
0110011111000101
0001101100000000
1111011111000000
0000011100000110
0001101100001001
0110011111000101
0001101100000110
1111011110000000
0000010000000110
0001100000010100
1111010001000000
0000010000000110
0001100000010000
0001100000010000
0000100000001001
0001100000010000
0000100000001010
0000010000000110
0000011011000000
0000101000001011
0010001010011000
0000111111000000
0001101100000001
1111011111000000
0001011000001001
0010001010010011
0000011000000110
0001101000001010
0100000010000000
0000011000001011
0001011000001010
0000101000000111
0001000100000111
0000100100000111
0000010000000111
0010110010000001
0000100001000000
0000111101000000
0001101100000001
1111011101000000
0010110010000000
0000011100000110
0001101100010100
0000101100001101
1111011111000000
0001101100010011
0000101100001110
0000011111010100
0000101100001100
0000011100000110
0001101100001010
0110011111000101
0001101100001011
1111011110000000
0000011011000000
0001011000001100
0011111010000101
0000011000001100
0001011011000000
0000101011011001
0000010100001101
0001100100000001
0000100100001101
1111010111000000
0000010100001110
0001010100001101
0011110110000000
0000011100000110
0001101100010100
1111011111000000
0000101100001101
0000101100001111
0001101100010011
0000101100001110
0000010111011001
0000100100010000
0000011100000110
0001101100001011
0110011111000101
0001101100000110
1111011110000000
0000010111011001
0001010100010000
0011110110000111
0000110011000000
0000100000001111
0000010011011001
0000100000010000
0000010100001101
0001100100000001
0000100100001101
1111010111000000
0000011000001110
0001011000001101
0011111010000000
0000010000101111
0000011100000110
0001101100001100
0110011111000101
0001101100000011
1111011110000000
0000011100000110
0001101100000111
0110011111000101
0001101100000000
1111011101000000
0000011100000110
0000101101000001
0000011000000110
0001101000001010
0100010010000000
0001100100011000
0001100100011000
0000100101000000
0010000010001001
0000111101000000
0001111100000001
1111011101000000
0010110010000000
0000010001000000
0010000010010000
1100100000000001
0000111101000000
0001101100000001
1111011101000000
0010110010001001
0000000000000000
