0000011100000110
0001011100000110
0000101100000110
0000011000000110
0001101000010111
0001101000010111
0000101000000111
0001101100010000
0110011111000101
0000101100001111
1000010011001111
0000011100000110
0001101100001000
0110011111000101
0001101100010011
0000101100001111
1000010001001111
0000011100000110
0001101100000110
1100010000000010
0000100011000000
0000110111000001
0000100100001111
1000010011001111
0001010000000111
0010010001000000
0011101101000000
0000010000000110
0000100011000000
0001101100010000
0110011111000101
0000101100001111
1000010011001111
0000010011000000
0010000001010101
1100100000000001
0000111011000001
0000101000001111
1000010011001111
0010110001001110
0000000000000000
0000011100000110
0001101100011111
0000101100001111
1000010011001111
0000011100000110
0001101100001001
0110011111000101
0001101100010011
0000101100001111
1000010010001111
1100010000000000
0000100011000000
0000110111000001
0000100100001111
1000010011001111
0010010010000000
0000011100000110
0001101100010000
0110011111000101
0000101100001111
1000010011001111
0000011100000110
0001101100011111
0000101100001111
1000010010001111
0000010000000110
0001100000010100
0000100000001111
1000010001001111
0000011100000110
0001101100001010
0110011111000101
0001101100011010
0000101101000000
0001101100010110
0000101101000001
0001101100010000
0000101101000010
0001101100001101
0000101101000011
0001101100000100
0000101101000100
0000010000000110
0000100000011011
0001100000000001
0000100000011110
0000100000011101
0001100000011111
0000100000011100
0000010011000000
0001010010000000
0010010000110101
0000110111000001
0000100100001111
1000010011001111
0000110110000001
0000100100001111
1000010010001111
0000010010000000
0010010000110100
0000010011000000
0001010000011100
1000010001010100
0010000001010010
0000010011000000
0001010000000111
0010010000110100
0000010000000110
0001100000000001
0000100000011011
0010110000111000
0000010100000110
0001100100011111
0000100100001111
1000010010001111
0000010011000000
0010000000111000
0001010000011100
0010010000110110
1000100011010011
0000110111000001
0000100100001111
1000010011001111
0000010100011101
0001100100000001
0000100100011101
0010110000110100
0000010011000000
0001010000000111
0010010000110111
0000110111000010
0000100100001111
1000010011001111
0000010100000110
0001100100000001
0000100100011101
0000010100011110
0001100100000001
0000100100011110
0010110000110100
0000110111000001
0000100100001111
1000010011001111
0010110000110101
0000011100000110
0001101100011111
0000101100001111
1000010010001111
0000011100000110
0001101100001010
1100101100000001
0001101100000010
0110011111000101
0001101100011101
0000101100001111
1000010001001111
0000010010000000
1100100000000001
0000110110000001
0000100100001111
1000010010001111
0000010110000000
0010000101001000
0010110001000000
0000010100011100
1100100100000001
0000010000011110
0001100000011000
0001100000011000
1100100000000001
1100100100000001
0000011100000110
0001101100010100
0000101100001111
1000010001001111
0000011100000110
0001101100001101
0110011111000101
0001101100011011
0000101100001111
1000010010001111
0000011100000110
0000101101000001
0000010000011101
0000011000000110
0001101000001010
0100010010000000
0001100100011000
0001100100011000
0000100101000000
0010000010001010
0000111101000000
0001111100000001
0000101100001111
1000010001001111
0010110010000000
0000010001000000
0010000010010001
1100100000000001
0000111101000001
0000101100001111
1000010001001111
0010110010001010
0000000000000000
